0.230302344444444 0.461389098856412
0.279467276078438 0.458926534601866
0.479467276078438 0.334089564634403
0.624733359532799 0.281901793442507
0.728114711111111 0.289825030611793

0.0201107 0.3736317723626
0.0376831915988029 0.380914398889082
0.0903147705461714 0.343736296772195
0.14294634949354 0.349266045772625
0.195577928440908 0.309591575520322
0.248209507388277 0.28055681889363
0.300841086335645 0.258941783028046
0.353472665283013 0.24343806195471
0.406104244230382 0.222240365647438
0.45873582317775 0.203562031439335
0.511367402125119 0.170631333262021
0.563998981072487 0.153256565110678
0.616630560019856 0.115002400191925
0.669262138967224 0.14100695206836
0.721893717914592 0.0919859426788872
0.774525296861961 0.102169484156603
0.827156875809329 0.0805622490902745
0.879788454756698 0.0668999616250369
0.932420033704066 0.0454660454790428
0.951536393277075 0.0488683780039361
0.9630128 0.0346837333333338

0.0111969 0.5013424
0.0270317078365353 0.475723214210829
0.0724862532910808 0.479221860387312
0.117940798745626 0.450908138096728
0.163395344200172 0.445277503622985
0.208849889654717 0.418205347108721
0.254304435109263 0.438868212662251
0.299758980563808 0.394352012236873
0.345213526018353 0.371245370946893
0.390668071472899 0.365309547529396
0.436122616927444 0.354660452172463
0.48157716238199 0.35060784965042
0.527031707836535 0.307980991442458
0.572486253291081 0.30180503783875
0.617940798745626 0.270057110329682
0.663395344200172 0.257530651443136
0.708849889654717 0.246674564420132
0.754304435109263 0.242502594042769
0.799758980563808 0.214865269335611
0.845213526018354 0.200131090299851
0.890668071472899 0.178405255041884
0.936122616927444 0.155253184876327
0.979946576465504 0.151379842332009
0.9916936 0.146765460717671

0.0309496 0.254924546480144
0.0747189440700223 0.280326192215716
0.137218944070022 0.243030396248755
0.199718944070022 0.199314600107184
0.262218944070022 0.161561600580621
0.324718944070022 0.121808415383761
0.387218944070022 0.155746541226281
0.449718944070022 0.131534353739418
0.512218944070022 0.130677069283089
0.574718944070022 0.102610447662008
0.637218944070022 0.0837391586530916
0.68020893803403 0.0400301936895692
0.84662065 0.0174291117429494

0.0253646 0.415706985139176
0.0597326099820555 0.452299548627494
0.115288165537611 0.345847759538271
0.170843721093167 0.338840478628779
0.226399276648722 0.328558511934184
0.281954832204278 0.293657560405734
0.337510387759833 0.293558863563573
0.393065943315389 0.249587473497166
0.448621498870944 0.237582814192372
0.5041770544265 0.237877351185495
0.559732609982056 0.183377157932592
0.615288165537611 0.184181635694199
0.670843721093167 0.139885432706376
0.726399276648722 0.147833622487732
0.781954832204278 0.10476347094685
0.837510387759833 0.112246160972263
0.893065943315389 0.130750765040692
0.940622490084318 0.101666126728836
0.974718075 0.121853169682288

0.150774095330851 0.0912337
0.137629016972194 0.111346191452826
0.0985302778559283 0.141649221755856
0.0551810352681591 0.171952252058887
0.11441455051028 0.202255282361917
0.120093076370715 0.232558312664947
0.154396191073417 0.262861342967978
0.140979498791244 0.293164373271008
0.168276262004387 0.323467403574038
0.171131160988532 0.353770433877068
0.168700205484769 0.384073464180099
0.234598149691042 0.414376494483129
0.189113762704957 0.444679524786159
0.218986545429455 0.47498255508919
0.227683463534191 0.50528558539222
0.230663124874617 0.53558861569525
0.247436286739828 0.565891645998281
0.251347097663183 0.596194676301311
0.277909679062575 0.626497706604341
0.258510837555592 0.656800736907371
0.295596108614901 0.687103767210402
0.285871238533544 0.717406797513432
0.316313012635163 0.747709827816462
0.321821401670018 0.778012858119493
0.323667698954956 0.808315888422523
0.319950056042618 0.838618918725553
0.281440067245927 0.868921949028584
0.24128700636959 0.899224979331614
0.251468140698997 0.919657262805928
0.233844434255001 0.961460433333333

0.0482720987543641 0.018047
0.0873619684316817 0.0321370224073633
0.0608721443420339 0.07380368907403
0.0801490772188174 0.115470355740697
0.108465679131984 0.157137022407363
0.112378653600392 0.19880368907403
0.132135410888248 0.240470355740697
0.145100667008486 0.282137022407363
0.168431176854248 0.32380368907403
0.18648961103263 0.365470355740697
0.200827140836999 0.407137022407363
0.205154462828254 0.44880368907403
0.214408109518041 0.490470355740697
0.245734357020115 0.532137022407363
0.252120786043504 0.57380368907403
0.268248968843757 0.615470355740697
0.286042579637647 0.657137022407363
0.30305129313035 0.69880368907403
0.316437421685219 0.740470355740697
0.33496383913026 0.782137022407363
0.359098517697266 0.82380368907403
0.361197883832352 0.865470355740697
0.376293405266267 0.907137022407363
0.430217122368463 0.94880368907403
0.409891290503701 0.954918221101021
0.414807208826418 0.9765005

0.0373609780008478 0.0405453666666667
0.0115743786383688 0.0653789269418937
0.0268548053905298 0.108857187811459
0.0437842612789883 0.152335448681024
0.0651589441713404 0.195813709550589
0.0749879657300314 0.239291970420155
0.0911495590438967 0.28277023128972
0.114981096226668 0.326248492159285
0.124768845632306 0.36972675302885
0.14665859117827 0.413205013898415
0.172892014153625 0.456683274767981
0.176523240040717 0.500161535637546
0.189466428271478 0.543639796507111
0.207216762105952 0.587118057376676
0.215073374872543 0.630596318246242
0.237109701700733 0.674074579115807
0.253024233798295 0.717552839985372
0.275815746164732 0.761031100854937
0.288710439508016 0.804509361724502
0.319620804071207 0.847987622594067
0.329101516152353 0.891465883463633
0.366082502863189 0.934944144333198
0.350320986819703 0.967594561628751
0.375371817581388 0.9837516

0.1238315 0.262615950355606
0.14192889733645 0.261288969367316
0.19192889733645 0.234956756644454
0.24192889733645 0.230382843472602
0.29192889733645 0.234667881915015
0.34192889733645 0.234527002410801
0.39192889733645 0.236655655137857
0.44192889733645 0.23700179808679
0.49192889733645 0.236235395870185
0.54192889733645 0.236250397620229
0.59192889733645 0.230841361903515
0.64192889733645 0.224043963682926
0.69192889733645 0.222262728404193
0.74192889733645 0.21715378064429
0.79192889733645 0.21564695568518
0.84192889733645 0.215733383204586
0.89192889733645 0.223383090001959
0.94192889733645 0.222006744345247
0.971363618431547 0.24648414056395
0.988236125 0.234447436679542

0.31096088792575 0.0893851333333333
0.2987315255566 0.171138024982518
0.325728267639421 0.271138024982518
0.384484523196801 0.371138024982518
0.444633931102979 0.471138024982518
0.514303795298662 0.571138024982518
0.560938381593436 0.671138024982518
0.5173387005814 0.771138024982518
0.7176309690492 0.871138024982518
0.564924001643738 0.893314429244096
0.558730292961376 0.947095033333333

0.0221207580456863 0.0039965
0.0208153567298369 0.0103998232941965
0.0523393662727178 0.048861361755735
0.0652914154234499 0.0873229002172735
0.086030838822582 0.125784438678812
0.0873697281993807 0.16424597714035
0.102020171896359 0.202707515601889
0.1230388215808 0.241169054063427
0.123493763852375 0.279630592524966
0.144499237912994 0.318092130986504
0.133552186869006 0.356553669448043
0.180346616831756 0.395015207909581
0.168113868139628 0.43347674637112
0.180635130541853 0.471938284832658
0.187126308480024 0.510399823294197
0.21179264401848 0.548861361755735
0.224298413175663 0.587322900217274
0.243840343779836 0.625784438678812
0.276669193879203 0.66424597714035
0.296292526304296 0.702707515601889
0.305898554086633 0.741169054063427
0.319629923975696 0.779630592524966
0.330877494499166 0.818092130986504
0.334722455860952 0.856553669448043
0.336229769105934 0.895015207909581
0.350397331915079 0.93347674637112
0.358616035468383 0.971938284832658
0.37641400971331 0.980710588446201
0.364563233333333 0.9872513

0.02735735 0.326842429091919
0.0660464854005876 0.336254650912402
0.116046485400588 0.290142400770974
0.166046485400588 0.300739318708474
0.216046485400588 0.279851285576765
0.266046485400588 0.273231201158321
0.316046485400588 0.258511669490445
0.366046485400588 0.243608651228208
0.416046485400588 0.228827115797174
0.466046485400588 0.214833378212676
0.516046485400588 0.185406386774996
0.566046485400588 0.171165776889796
0.616046485400588 0.14512585335417
0.666046485400588 0.121284205880588
0.716046485400588 0.0921001324262918
0.766046485400588 0.107631901110377
0.816046485400588 0.05625336561083
0.866046485400588 0.0634625956628989
0.885794178903803 0.0146729611233544
0.9526944 0.0452767940700854

0.045300328846736 0.0231296625
0.0428976155019903 0.0411661958876978
0.056073589060738 0.084644456757263
0.0712245717680519 0.128122717626828
0.0768077179886506 0.171600978496393
0.0928356565540658 0.215079239365959
0.100790875850764 0.258557500235524
0.112088274552808 0.302035761105089
0.120498576244305 0.345514021974654
0.132852306212207 0.388992282844219
0.144628392980823 0.432470543713785
0.15344125526367 0.47594880458335
0.167752604380719 0.519427065452915
0.183847714831027 0.56290532632248
0.197516075174674 0.606383587192046
0.211329043470627 0.649861848061611
0.229104764431453 0.693340108931176
0.243011230118334 0.736818369800741
0.256153759019813 0.780296630670306
0.283214188170613 0.823774891539872
0.289882131946309 0.867253152409437
0.280908582626277 0.889333904370438
0.298331855041431 0.9476930625

0.0999829774893267 0.0387798333333333
0.0989215017632921 0.0565340379388158
0.106978114689343 0.0982007046054824
0.127755046034093 0.139867371272149
0.141831699368761 0.181534037938816
0.146697954516489 0.223200704605482
0.173562180620628 0.264867371272149
0.188209654353693 0.306534037938816
0.205552271660938 0.348200704605482
0.212543164507859 0.389867371272149
0.216455541290505 0.431534037938816
0.234976052869686 0.473200704605482
0.251633342671952 0.514867371272149
0.250962855132166 0.556534037938816
0.252762348180436 0.598200704605482
0.256840338138556 0.639867371272149
0.266692480248586 0.681534037938816
0.269711421406515 0.723200704605482
0.263633422861595 0.764867371272149
0.265561607332485 0.806534037938816
0.235105287792703 0.848200704605482
0.233124588958234 0.889867371272149
0.212781874007288 0.896076230301054
0.215392375804873 0.939603266666667

0.20829482712098 0.089411925
0.0197657790732811 0.196939621149453
0.407315019990507 0.240460562313753
0.505967767683077 0.61065895

0.0096497 0.454987503922393
0.00967444873734153 0.481530913971479
0.0359902382110257 0.464778185756934
0.0623060276847099 0.435832179828677
0.0886218171583942 0.425516266182613
0.114937606632078 0.424618621992434
0.141253396105763 0.433160598074935
0.167569185579447 0.426408983386668
0.193884975053131 0.41786121171391
0.220200764526815 0.420468943796328
0.246516554000499 0.406224893257954
0.272832343474184 0.397997357128104
0.299148132947868 0.337963482741194
0.325463922421552 0.362061701732623
0.351779711895236 0.365233892972263
0.37809550136892 0.315522074292654
0.404411290842605 0.307044382102847
0.430727080316289 0.310301075678335
0.457042869789973 0.277717330606991
0.483358659263657 0.24795980104441
0.509674448737342 0.251842677413296
0.535990238211026 0.245869859354427
0.56230602768471 0.244645916051873
0.588621817158394 0.179881916281601
0.614937606632078 0.231768559334239
0.641253396105763 0.169131741629429
0.667569185579447 0.234537423289577
0.693884975053131 0.113495094385414
0.720200764526815 0.18998999506483
0.746516554000499 0.139502462555628
0.772832343474184 0.117091828812257
0.799148132947868 0.084266031906692
0.825463922421552 0.0941905388752543
0.851779711895236 0.0399651501047704
0.87809550136892 0.0401792620243899
0.904411290842605 0.0145706872298768
0.929256356759851 -0.00897148729622613
0.93710305 0.0206025166004147

0.07272726 0.0705691687101076
0.161294824791282 0.0710413633134966
0.882389879250177 0.0748858541725188
0.94127274 0.0751997859052439

0.147139575 0.161105848581688
0.16253735131616 0.170866473701656
0.514913343250974 0.394237036303164
0.720423275 0.524509444542229

0.041287775 0.22520060786816
0.0791109088261277 0.216249346806743
0.960775533314122 0.00759370608994128
0.974762625 0.00428350684135917

0.06391975 0.256529476062826
0.116771723624107 0.243165690610319
0.936159940308482 0.0359808386696701
0.966529725 0.0283017444178116

0.126651019576723 0.08461536
0.120309591420911 0.141648958984572
0.041669536637146 0.848922657977973
0.0324801204232766 0.93157052

0.10907044 0.021216104199305
0.21149229155802 0.0453103147981083
0.833016398304542 0.19152064484375
0.91740844 0.211373435967347

0.0677083333333333 0.00602064149589621
0.127398156809143 0.024039519051875
0.939333105452489 0.269142546186032
0.9700521 0.278415848889275

0.133555180395649 0.17531305
0.148267184328657 0.308868174289347
0.195147063731403 0.734442293818751
0.210408756319266 0.872987475

0.2908315 0.0417076789514754
0.543424685985905 0.0920342914875013
0.568379594929337 0.0970063022262946
0.784479766666667 0.140062054381858

0.0385356333333333 0.721463934378542
0.0667377190388859 0.699844105288117
0.879266188096683 0.0769566062732702
0.9407667 0.0298100735591471

0.0544046 0.158959182292512
0.103969783985939 0.170523821281077
0.814779926743528 0.336371338214216
0.851820733333333 0.345013766661126

0.0644087696685472 0.0996247
0.132837757329737 0.243100733402063
0.428429601232756 0.862872364091559
0.465517266366163 0.9406346

0.135596366666667 0.302301892926117
0.253100410615049 0.263089637926917
0.874336932825137 0.0557769012314961
0.9410128 0.0335265086654153

0.0914195833333333 0.25014157134591
0.179458789092005 0.226042906777215
0.770105757898978 0.0643671731408505
0.847596583333333 0.0431558799084609

0.127986344444444 0.275510331330764
0.231151074093876 0.246270051199395
0.72282485603153 0.106913517566623
0.815225633333333 0.0807240958345816

0.109939985714286 0.241663174997185
0.200545671751705 0.218496352863205
0.450545671751705 0.15605238423627
0.700545671751705 0.109817118288701
0.843374385878706 0.0453665100118879
0.902383657142857 0.0426677894040154

0.151906091666667 0.266182972952342
0.263630910266169 0.238282248598064
0.768397854272918 0.112228220993258
0.850011616666667 0.0918470459185765

0.181722685714286 0.253915451056444
0.338671915132299 0.215417059245221
0.520332417865887 0.17085718955491
0.7394958 0.117098163229271

0.102554552753268 0.1428649
0.175005222955661 0.298012011478139
0.416628297250813 0.815427819208273
0.455398018244621 0.898449966666667

0.104752983496435 0.04770595
0.101393279198859 0.0821391715137745
0.0205813038405848 0.910371778319238
0.0157532421745979 0.959854025

0.428981802028023 0.369027066666667
0.460151389243398 0.428288373827776
0.692873627374303 0.870752495723282
0.732390282279212 0.9458837

0.0943833495322644 0.0576068142857143
0.107199763647437 0.110322782931386
0.290834928023848 0.865643692549104
0.304167954661062 0.920484571428571

0.29467332691272 0.0574777
0.282833767276449 0.107386831835066
0.0947220286097954 0.900363416544807
0.0825588064206129 0.951636933333333

0.0397143783696714 0.1722659
0.102475256998709 0.269166279409577
0.481741857819057 0.854739303874356
0.529250941955418 0.9280915

0.0639148 0.0681623392552593
0.102517140352497 0.0670044305490868
0.829778833254285 0.0451896224781995
0.915570633333333 0.0426162274114073

0.0335638000216426 0.12423436
0.040497104901372 0.237559265909195
0.0722567375212837 0.756670633546409
0.0802843999783574 0.88788282

0.219512908753601 0.22348485
0.214048725059584 0.375381820954185
0.197672780913854 0.830611083281987
0.194270517989344 0.925189425

0.04573244 0.551963199526976
0.0540495842850296 0.547038012992989
0.886851719805146 0.0538752490955007
0.95241468 0.015050648052899

0.0563896166666667 0.091522383614563
0.100087424855473 0.108533393502591
0.868305849714618 0.407591212718157
0.91298805 0.424985434130575

0.121962270569021 0.0369711142857143
0.138032163797972 0.0581349697954766
0.714766966040501 0.817687746420168
0.781177442605422 0.905149542857143

0.090597 0.0830463412751102
0.139312269430436 0.087918302911916
0.807896767367175 0.154782718586804
0.90187045 0.164180925391556

0.046557525 0.103994619282644
0.128399121405755 0.117322676140385
0.918344153086893 0.245966700195563
0.952639925 0.251551830717356

0.079163 0.0128387943749934
0.147720169039788 0.0355352350325976
0.894521918837536 0.282770379579519
0.943474466666667 0.298976541712579

0.0168907845098697 0.0511024
0.032562510834433 0.0761711096738544
0.559586258221624 0.919205568090129
0.576762622043724 0.946681116666667

0.05068945 0.517883965647377
0.109220585205148 0.484566013270578
0.879119257621866 0.0463129841326028
0.927794875 0.018605134352623

0.00240743864593251 0
0.00240743864593251 0
0.553306737212072 0.761894555232339
0.633215094687401 0.872407933333333

0.375978848296038 0.0271767666666667
0.365380903131796 0.0664274731347461
0.148907747985013 0.868160652464057
0.126436751703962 0.951384566666667

0.0350662340868636 0.05889724
0.0768365993835514 0.124528915313393
0.520610984018988 0.821809298616704
0.562461295913136 0.88756659

0.0243146437505488 0.0622596
0.0584288165291866 0.113832470727027
0.631772120525808 0.980597152113071
0.635711350159523 0.986552371428571

0.0696551253352412 0.042506
0.0919789958594087 0.0754325066322965
0.690428070331596 0.958112658282885
0.705489343508294 0.980327225

0.0200934955652418 0.0489908
0.046144220057327 0.0869407961992093
0.630523143909833 0.938248326853052
0.656083213389435 0.97548355

0.0735280916935988 0.0475643666666667
0.0702695270062423 0.105654994700821
0.0280209508115422 0.858822895347878
0.0241625527508456 0.927606788888889

0.0798314666666667 0.41043102797242
0.148967544821371 0.378060017868559
0.9529263 0.00162910536091365
0.9529263 0.00162910536091365

0.0370286936873278 0.0405528666666667
0.0428224849373987 0.0541761968235458
0.361948360607543 0.804558283130908
0.414643272979339 0.928463366666667

0.066191925 0.347124427098884
0.145912245586049 0.318290456291121
0.892836175 0.0481362143360302
0.964278725 0.0222962229011163

0.0614735692307692 0.326488899284968
0.123139820994996 0.304149230857471
0.786329698919536 0.0638972039635509
0.869266569230769 0.0338518853304171

0.0376057666666667 0.590578235956961
0.070427149153444 0.570996240001145
0.841080858357808 0.111206411737402
0.915693533333333 0.06669076404304

0.0699471989854978 0.1293433
0.109057898940265 0.193464664208061
0.446435124530213 0.746589205128517
0.486900001014502 0.81293072

0.197572506291799 0.061625764516129
0.192122604726052 0.0920785337898481
0.0430272729669335 0.925188211657333
0.0347897158351323 0.97121774516129

0.0744226538461538 0.0097398793474897
0.128980550004342 0.0328940630185516
0.93975574492472 0.376984269955716
0.968061069230769 0.388996952335384

0.464619469009022 0.0451283071428571
0.451862074340872 0.0722226059425969
0.0594651729780783 0.90559957437321
0.0495380329463802 0.926682946428571

0.10443105 0.0941698015796769
0.174696358489119 0.107918713697897
0.887923434299266 0.247476862612419
0.932113516666667 0.256123598420323

0.1057015641659 0.062376175
0.11238428333278 0.133511958563222
0.193396628113113 0.995867009005012
0.1935448108341 0.997444375

0.109946467279674 0.0642885333333333
0.107474925540118 0.0963808247534652
0.0503708336630087 0.837861791258201
0.0461238327203265 0.893007933333333

0.0234023 -0.0143757587978094
0.0234023 -0.0143757587978094
0.911396291744213 0.226393798703395
0.958218333333333 0.239089067297017

0.0418651324324324 0.0606760889644735
0.0703801475844834 0.0826568663489628
0.896366561527238 0.719367854951837
0.927111862162162 0.743067846176525

0.0609995 0.512977225399892
0.133614395442143 0.479966816638121
0.868588054350547 0.145851057578295
0.938645125 0.114003424600108

0.757656658510468 0.0562715
0.718488725893609 0.105773968430271
0.0859201461251996 0.905247008181396
0.0660566643466745 0.930351508571429

0.756729370594584 0.0520201214285714
0.703788279520107 0.127121132197445
0.189196052634673 0.857109796740348
0.15214423547691 0.90967065

0.116892496703983 0.0976468666666667
0.183172663828 0.208718067966187
0.548103990097941 0.820263912815784
0.589885536629351 0.890280733333333

0.0538948906729909 0.101826218181818
0.0661437822402263 0.174743590517549
0.176228790009067 0.830077132822244
0.188472245690645 0.902962145454545

0.0462478777777778 0.450629784053602
0.0901798638764843 0.428412413523167
0.831668053019575 0.0534255462069497
0.912306177777778 0.0126450749437758

0.0907641069978504 0.0996085666666667
0.123329783140411 0.166082450478707
0.458086476605098 0.849396300596879
0.488721046123319 0.911928360606061

0.03117616 0.612682248122361
0.0645726775757593 0.589458322294254
0.777754396823737 0.0935120215398623
0.8779555 0.0238322118776385

0.0460899881046 0.0736691972972973
0.0597408723681865 0.100676123277266
0.471842209215682 0.915977907805198
0.492388155290025 0.956626032432432

0.341369704361686 0.0964349941176471
0.312746835940539 0.175140147341153
0.0955460772363627 0.772383538274121
0.0707713721089023 0.840507282352941

0.0834034392857143 0.0702953466744
0.141345328204478 0.076965001942312
0.883774159258767 0.162425528971963
0.925412746428571 0.167218521182743

0.10519986348392 0.16455195
0.18435194484553 0.263219645191949
0.610518785897367 0.794461518437402
0.695727411516081 0.90067905

0.07081875 0.000253244054190908
0.103898143261103 0.00762145197595149
0.863145183965842 0.176738521800567
0.910981041666667 0.187393630945809

0.158354 1.38777878078145e-17
0.158354 1.38777878078145e-17
1 0.2089335
1 0.2089335

0.0542943335984299 0.002282
0.0542199038678169 0.00425826997143609
0.0184589927676337 0.953787633795053
0.0173555997349035 0.9830851

0.133107605281284 0.116761877419355
0.127752891248905 0.197578535020287
0.084460977114285 0.850966891587977
0.0810308060090384 0.902737156451613

0.06096964 0.044343802207822
0.12012850913246 0.0452995501431034
0.868940670908431 0.0573970714112768
0.92069954 0.058233267792178

0.181834003129769 0.10161882
0.175227505026218 0.178582288257849
0.112842359002345 0.905348137655177
0.108104756870231 0.9605396

0.0257307333333333 0.0614926471847179
0.0617363145251893 0.0675600722593907
0.967021867906695 0.220112873367027
0.972410633333333 0.221020952875503

0.104124538461538 0.106961959925341
0.160436727264327 0.11474528524187
0.877055011698689 0.213794413931565
0.921464776923077 0.219932616997736

0.0275502605263158 0.0471563049439583
0.0401721464989893 0.0455825375654721
0.0704751768020196 0.0486025536324168
0.10077820710505 0.0478713278322898
0.13108123740808 0.0484380862277905
0.161384267711111 0.0480599164489355
0.191687298014141 0.0478535055330182
0.221990328317171 0.0466834871856491
0.252293358620201 0.0455674583475159
0.282596388923232 0.0444274411788071
0.312899419226262 0.0434802288205149
0.343202449529292 0.0425387293006529
0.373505479832323 0.0422563362627493
0.403808510135353 0.0422049061137297
0.434111540438383 0.0427903976778234
0.464414570741414 0.0430621530757365
0.494717601044444 0.0434873352366423
0.525020631347474 0.0442162612196105
0.555323661650505 0.0442861953417607
0.585626691953535 0.0450009187999186
0.615929722256565 0.0452454082523181
0.646232752559595 0.0458439890654632
0.676535782862626 0.046114439386352
0.706838813165656 0.0463222214293271
0.737141843468686 0.0466926054195373
0.767444873771717 0.047110564159674
0.797747904074747 0.0474818283248032
0.828050934377777 0.0477686776830182
0.858353964680808 0.0477809854557761
0.888656994983838 0.0485918409346171
0.918960025286868 0.0490458305489812
0.949263055589899 0.0496203072070635
0.973535710055578 0.0503690550698011
0.984635688157895 0.0502313646836549

0.0954431426966292 0.285787120741062
0.125164809251101 0.290913311831826
0.236275920362212 0.285834695112344
0.347387031473323 0.283578194866702
0.458498142584434 0.283774259040746
0.569609253695545 0.290545297278526
0.680720364806656 0.293128236018803
0.791831475917768 0.29613221406266
0.902942587028879 0.301236086441379
0.905328363922908 0.303220279522794
0.935151670786517 0.303703292791356

0.0433064099792566 0.0355258707317073
0.0399659406020963 0.0504843752802602
0.0364854989017855 0.0939626361498254
0.0355266496509596 0.137440897019391
0.0341920825654227 0.180919157888956
0.0331033948317716 0.224397418758521
0.0321785805790846 0.267875679628086
0.0316613850604658 0.311353940497651
0.0310068403723161 0.354832201367217
0.0309906663633107 0.398310462236782
0.0300805094384664 0.441788723106347
0.0288080895820373 0.485266983975912
0.0272616025258427 0.528745244845478
0.0261915043324354 0.572223505715043
0.0252798616750946 0.615701766584608
0.0247849432089388 0.659180027454173
0.0245413077192494 0.702658288323738
0.0243307915908286 0.746136549193304
0.0237101532295727 0.789614810062869
0.0232871009934392 0.833093070932434
0.0230628619147762 0.876571331801999
0.0221004252293458 0.920049592671564
0.0257095646326385 0.960581152375549
0.0288400595121671 0.972633217073171

0.208643519040895 0.0250954625
0.20265387662238 0.0385686010892648
0.542724531445042 0.0861876487083124
0.487449582661614 0.13380669632736
0.53017453826699 0.181425743946408
0.493448017074602 0.229044791565455
0.558095854944881 0.276663839184503
0.502895108743032 0.32428288680355
0.51438896398678 0.371901934422598
0.495066635403027 0.419520982041646
0.519698431431592 0.467140029660693
0.490198624478923 0.514759077279741
0.515999514334951 0.562378124898788
0.478694549428021 0.609997172517836
0.500510193956164 0.657616220136884
0.481148154639771 0.705235267755931
0.494393781673664 0.752854315374979
0.458815819608233 0.800473362994027
0.53956901937946 0.848092410613074
0.316703920220081 0.895711458232122
0.258856380522168 0.943330505851169
0.290053320723816 0.967990523253276
0.254901111549622 0.9816938875

0.130801167223256 0.06912052
0.117500121162424 0.0934155212798818
0.106965229837438 0.184324612188973
0.105644598158336 0.275233703098064
0.104498774666646 0.366142794007155
0.100605225603199 0.457051884916245
0.101619381386989 0.547960975825336
0.0997829492013607 0.638870066734427
0.0974462925436345 0.729779157643518
0.0943060854442265 0.820688248552609
0.095591673676462 0.870651858529153
0.105857544726547 0.894957184

0.0536124769230769 0.0563590595322489
0.0773644959048192 0.0632538171536056
0.160697829238153 0.0732095703054751
0.244031162571486 0.0728568000534228
0.327364495904819 0.0743749586194143
0.410697829238153 0.0748517032433416
0.494031162571486 0.0758472619292661
0.577364495904819 0.0766757465999935
0.660697829238152 0.0769920020587879
0.744031162571486 0.0780849789845876
0.827364495904819 0.0780467223344984
0.910697829238152 0.0811338879209576
0.934940662432342 0.0794523374274406
0.958400423076923 0.0800148285663106

0.294003344734816 0.153496394382022
0.288360859071201 0.24477035096087
0.287560707244446 0.49477035096087
0.282229145309036 0.74477035096087
0.275405349664593 0.806259072287379
0.274108976805861 0.875120330337079

0.0414454256756757 0.100777228167651
0.0625286767649773 0.104157918031956
0.129195343431644 0.111623544215864
0.195862010098311 0.108604058951298
0.262528676764977 0.111271750707744
0.329195343431644 0.1127460811501
0.395862010098311 0.112780681747069
0.462528676764977 0.111856208924834
0.529195343431644 0.113123525910284
0.595862010098311 0.112887834875953
0.662528676764977 0.113268120977815
0.729195343431644 0.116294421033641
0.795862010098311 0.117266199618894
0.862528676764977 0.118252679205303
0.929195343431644 0.116250988958864
0.930130221014847 0.123042595770446
0.955527304054054 0.118749702626548

